197
197
197
197
197
197
197
197
197
197
197
197
197
197
197
197
196
196
196
196
196
195
195
195
195
195
195
194
194
194
194
194
194
194
194
194
193
193
192
192
192
192
192
192
192
192
192
192
192
192
191
191
191
191
191
191
191
191
191
191
191
191
191
191
191
192
192
192
192
192
192
193
193
193
193
193
193
194
194
194
194
195
195
195
195
195
195
195
195
195
196
196
196
197
197
198
199
199
199
200
200
201
201
201
201
201
201
202
202
203
203
204
204
204
205
205
205
205
205
206
206
206
207
207
208
208
208
208
208
208
208
209
209
210
210
211
211
211
211
212
212
213
213
214
214
214
215
215
216
217
217
218
219
219
219
219
220
220
221
221
222
222
222
223
224
225
225
225
225
226
226
226
227
228
228
229
230
231
232
233
235
236
236
237
238
239
239
240
240
240
241
241
241
241
241
242
242
243
243
243
243
243
244
244
244
245
245
245
245
246
241
241
240
234
234
233
232
231
230
229
228
228
227
226
225
225
224
222
221
220
217
216
215
213
212
211
209
208
207
205
204
203
202
201
201
200
199
199
198
198
198
197
197
197
196
196
196
196
195
194
194
194
193
193
192
192
192
191
191
191
191
191
191
191
191
191
191
191
191
191
191
191
191
191
191
191
191
191
192
192
193
194
196
197
197
200
201
202
203
205
205
207
208
209
210
212
212
214
215
216
218
219
220
223
223
225
226
227
229
230
231
233
235
236
237
238
239
239
241
241
243
243
244
245
245
245
245
245
245
245
245
245
245
245
245
245
245
245
245
245
245
245
245
244
244
244
244
244
244
244
244
244
244
244
244
244
244
244
244
244
244
244
244
244
244
244
244
243
243
243
242
242
241
241
241
241
241
241
241
241
241
241
241
241
241
241
241
241
241
241
241
241
241
241
240
240
240
240
238
238
237
236
234
232
231
229
227
225
223
221
219
217
215
214
212
210
208
207
206
204
203
201
201
199
198
197
196
193
192
191
189
188
185
184
182
181
179
178
177
174
173
172
170
169
168
167
167
166
166
166
166
166
166
165
165
165
165
165
165
165
165
165
165
165
165
165
165
165
165
165
165
165
165
166
166
166
166
167
167
167
167
167
167
167
167
167
167
167
167
167
167
167
167
167
167
168
168
168
169
169
170
170
171
171
172
173
173
175
176
177
179
180
182
183
184
186
187
188
190
190
191
193
194
195
197
199
199
201
203
204
204
206
207
208
209
211
212
214
215
218
220
222
224
226
227
229
232
234
236
240
242
245
246
248
249
251
252
253
254
255
256
257
258
259
260
262
263
264
265
267
268
270
271
273
275
276
277
279
280
281
284
284
286
286
288
289
292
295
296
300
301
304
305
306
307
308
308
309
310
310
310
310
310
310
310
310
310
310
310
310
310
310
310
310
310
310
310
310
310
311
311
312
312
312
312
312
312
312
312
312
312
312
312
312
312
312
312
312
312
312
312
312
312
313
313
313
313
313
314
314
314
314
314
314
314
314
314
314
315
315
315
315
315
315
315
315
315
315
315
315
315
315
315
315
315
314
305
302
299
288
285
281
280
279
276
276
274
274
273
272
272
272
271
271
271
271
271
271
271
271
271
271
271
271
271
271
271
271
271
271
271
271
271
270
269
266
265
263
260
259
257
254
253
251
249
247
244
243
241
240
238
236
234
233
231
230
229
228
225
224
223
220
218
215
214
211
209
207
204
203
200
197
196
194
192
191
190
188
187
185
184
183
181
180
178
177
175
174
173
172
172
172
171
171
170
170
170
169
169
169
169
168
168
168
167
167
167
167
167
167
167
167
167
167
167
167
167
166
166
166
166
168
169
171
175
176
178
182
183
184
188
192
194
195
199
200
200
200
200
200
200
200
200
200
200
199
198
197
194
193
192
190
189
188
186
186
184
183
182
181
180
179
178
177
176
175
175
174
174
174
174
174
174
174
174
174
174
174
174
174
174
174
173
173
173
173
172
172
172
173
174
175
177
179
179
179
179
179
177
176
176
176
175
175
175
175
174
174
174
174
174
174
173
173
172
171
170
169
169
168
167
165
163
162
160
159
158
156
155
155
153
152
151
151
149
148
148
147
147
146
146
145
