157
157
157
157
157
157
157
157
157
157
157
157
157
157
157
157
156
155
155
155
155
154
154
153
153
153
152
152
152
151
151
151
151
151
150
150
149
149
149
149
149
149
149
149
149
149
149
149
149
148
148
148
147
146
146
146
146
146
146
146
145
145
144
144
144
144
143
142
142
142
141
141
141
141
141
140
139
139
139
139
139
139
138
138
137
137
136
136
135
135
135
134
134
133
133
132
132
131
131
131
131
131
130
130
130
129
129
129
128
128
128
128
128
128
128
128
128
128
128
128
127
127
126
126
126
126
126
126
125
125
125
125
125
125
125
125
125
125
125
125
125
124
124
124
124
124
123
123
122
122
122
122
122
122
122
122
122
122
122
122
121
121
121
121
120
120
120
120
120
120
120
119
119
119
119
119
118
118
118
117
117
117
117
117
117
117
117
116
116
116
116
116
116
116
116
117
118
120
121
122
123
126
127
128
130
132
133
135
138
139
140
143
146
147
150
153
156
159
162
166
170
174
177
178
180
181
184
188
191
195
197
203
210
214
216
220
224
227
229
232
234
236
241
246
248
251
255
258
261
263
266
267
269
272
275
278
281
283
287
291
293
296
301
305
308
312
316
318
320
323
328
331
334
338
342
344
347
351
353
357
362
365
367
371
374
376
380
384
389
392
395
399
402
405
408
410
412
416
420
422
423
427
431
433
436
437
441
445
447
451
454
456
458
460
462
462
463
464
465
466
467
467
468
468
468
469
470
471
471
471
472
473
473
473
473
473
473
474
474
474
474
475
475
476
476
476
476
476
476
476
476
476
477
477
477
478
478
478
478
478
478
478
478
478
479
479
479
479
480
480
480
480
480
480
480
480
480
480
480
480
480
480
480
480
480
480
480
480
480
480
480
480
480
480
480
480
480
480
480
480
480
481
481
481
481
481
481
481
481
482
482
482
482
482
482
482
482
478
473
470
467
463
460
458
455
452
451
450
449
449
449
450
450
451
452
452
453
453
453
453
453
453
453
453
454
454
454
454
455
455
455
455
455
455
455
455
454
453
452
452
451
451
450
450
450
449
449
448
448
448
448
447
447
446
445
443
443
442
442
442
442
441
441
441
440
440
440
439
439
439
439
438
438
438
438
437
437
437
436
436
436
435
435
435
434
434
434
434
433
433
433
433
433
432
432
432
432
431
431
431
431
430
430
430
429
429
429
429
428
428
428
428
428
427
427
427
426
426
425
425
424
423
423
422
422
422
421
421
421
421
420
420
420
419
419
418
418
417
417
416
415
415
414
413
413
412
411
411
410
409
408
408
407
407
406
406
405
405
404
403
402
401
400
399
398
397
396
396
395
394
393
392
391
390
389
388
387
386
385
384
383
382
381
380
379
378
377
377
376
376
375
375
374
373
372
371
369
368
367
366
365
364
363
361
360
359
358
357
356
355
353
352
351
350
350
349
349
348
347
347
346
346
345
344
343
343
342
341
340
339
339
338
337
336
335
335
334
333
332
332
331
331
330
330
329
329
328
327
326
325
325
324
323
322
321
320
320
319
319
318
317
317
316
315
314
313
312
311
310
309
308
307
307
306
305
304
303
303
302
301
300
300
299
298
297
296
296
295
294
293
292
291
290
289
289
288
287
286
286
285
284
283
282
280
279
278
278
277
276
275
275
274
274
273
273
272
272
271
271
270
269
269
268
268
267
266
266
265
264
264
264
263
263
263
262
262
261
260
260
259
258
258
257
256
256
255
255
254
253
253
252
251
251
250
249
248
248
247
247
246
245
245
244
243
242
241
240
240
239
238
238
237
237
236
236
235
234
233
232
231
231
230
229
228
228
227
227
226
226
225
225
224
223
222
221
221
220
219
219
218
217
217
217
216
216
215
214
213
212
211
211
210
210
209
209
208
208
207
206
206
205
204
203
202
202
201
200
200
200
199
199
198
196
196
195
195
195
195
194
194
194
194
193
193
192
191
191
190
189
188
188
187
186
186
185
185
184
184
183
182
181
180
180
179
179
178
177
177
176
176
175
174
174
173
172
171
171
170
170
169
168
167
167
167
166
166
165
164
163
162
161
161
161
160
159
158
157
156
156
156
155
155
154
153
153
153
152
152
151
151
150
150
150
150
150
149
149
149
149
149
149
148
148
148
148
148
147
147
148
149
151
151
153
155
156
158
159
160
160
161
162
163
163
164
165
165
166
168
169
169
169
170
170
171
172
173
174
175
176
177
178
179
181
182
183
184
184
185
186
186
187
187
188
189
190
191
192
193
194
194
195
196
197
198
199
201
202
203
203
204
205
206
208
211
212
214
216
217
217
220
222
223
224
225
227
230
232
234
234
236
238
239
240
241
241
242
242
243
244
245
247
249
251
252
253
254
255
257
258
259
261
263
264
265
266
267
269
271
272
272
273
275
276
277
277
278
278
281
282
284
286
287
289
290
290
291
292
294
296
298
299
300
301
302
302
304
305
307
308
309
310
311
313
315
317
319
320
321
322
324
326
327
328
329
331
331
334
336
337
338
339
341
342
344
346
347
348
349
350
352
353
355
357
358
360
361
362
364
365
367
369
370
371
373
375
377
378
380
382
383
385
387
388
390
391
392
393
394
395
397
399
401
402
404
406
407
409
410
410
410
410
411
411
411
411
411
411
411
411
411
411
411
411
410
409
407
406
404
401
399
398
397
395
393
392
392
391
390
389
389
388
387
386
384
383
383
382
381
379
377
377
376
375
373
371
371
370
369
368
366
365
363
361
359
357
355
352
351
350
348
346
345
343
342
340
339
336
334
333
331
329
327
325
322
320
318
317
315
313
310
308
306
303
301
300
299
298
297
295
293
